2 3 0 3 10 11 12 1 1 0 1 99 2 1 1 2
1 3     "v33"    1 1 0 1 99 2 1 1 2
1 3     "v33"    0 1  "v99" 2 1 1 2
0 3     "v33"    "v0"         1 1 2
"v66"

2 3 0 3 10 11 12 1 1 0 1 99 2 1 1 2


1 1 0 1 99 2
0 (1 v99   2)
0 [v99] [2]
v0

if no str

if has str

2 1 2 2  0 3 1 1 3  0 3 6 6 9  1 2  2 3  3 0 3 8 8 1  0 3 9 9 2  1 2 2 1
A-----------------------------------------------------------------------
    B-----------------------------  C---------------------------------
         D--------  E--------            F---------- G---------